15
5
3
76
22
52
27
82
39
7
0
92
11
72
57
73
23
95
72
48
82
63
50
6
94
72
42
34
34
15
48
50
52
81
66
77
14
0
64
20
1
67
61
25
58
14
5
83
43
77
24
91
65
69
81
100
59
54
84
10
80
10
24
83
54
85
15
5
12
51
63
95
12
29
39
50
2
20
27
91
56
68
19
14
34
67
90
73
4
54
71
38
42
37
90
21
19
64
31
78
27
91
11
62
73
17
21
57
74
29
96
72
63
58
58
99
62
8
73
24
70
100
45
94
2
20
10
20
13
49
84
76
23
76
63
34
59
49
48
47
7
77
74
81
60
8
60
26
36
23
93
51
21
62
19
30
48
49
17
26
72
83
25
92
94
1
3
76
86
85
83
2
73
11
10
36
41
90
41
29
68
22
31
18
74
55
16
73
92
32
23
54
25
60
22
28
96
39
43
13
28
17
9
90
97
69
40
79
78
43
27
66
96
75
96
32
27
59
70
94
61
100
18
65
27
53
21
84
14
26
26
93
44
35
82
93
10
5
14
48
56
95
9
82
33
29
7
96
8
69
48
44
6
47
13
23
64
23
95
91
91
40
84
67
59
84
74
71
71
100
29
15
40
63
86
7
73
58
47
77
81
42
43
70
94
22
47
68
90
89
78
24
0
97
31
68
22
64
77
60
99
91
86
54
20
65
48
72
29
39
5
18
6
58
66
63
4
30
85
40
82
45
94
93
60
8
48
61
95
32
40
59
40
93
28
80
73
77
64
49
100
28
72
77
83
94
55
5
58
17
76
85
85
33
42
45
35
46
61
67
60
91
85
100
20
13
54
68
72
85
69
55
48
42
86
10
50
80
44
58
84
34
81
53
76
22
64
75
37
30
45
61
38
69
76
8
16
81
27
2
93
9
86
55
69
95
77
13
41
57
69
81
86
47
24
99
13
94
53
5
78
96
0
80
26
41
92
16
4
54
93
20
10
94
92
20
66
51
12
28
60
20
70
53
52
39
30
27
76
82
33
78
63
99
0
26
92
1
36
2
22
25
38
90
46
42
52
75
90
65
10
63
41
43
53
22
37
82
45
63
38
13
19
3
18
7
85
18
46
54
3
95
22
7
15
54
13
49
69
60
41
81
76
31
67
99
55
16
47
96
85
69
20
45
28
85
27
28
66
34
68
84
12
71
96
61
32
43
12
84
93
99
92
91
85
2
3
93
31
68
37
51
14
87
11
54
45
80
47
55
42
72
69
21
68
21
68
72
76
44
61
64
65
28
56
90
72
92
92
90
17
10
65
65
42
53
27
43
6
56
12
10
26
54
47
96
14
100
25
98
57
44
62
42
85
77
6
4
39
38
17
15
8
79
68
78
73
31
71
32
48
90
20
50
54
63
2
67
48
7
76
21
35
46
60
73
2
28
88
94
27
49
80
87
53
37
88
4
10
42
9
12
16
19
91
99
12
48
81
42
19
91
81
17
93
71
47
5
62
92
33
66
99
91
88
39
76
15
16
2
72
34
78
97
29
81
38
60
29
41
65
22
3
14
8
80
67
66
73
93
91
16
77
59
91
85
91
43
32
75
51
28
73
48
58
56
23
98
42
84
82
22
80
17
47
79
26
34
13
31
39
11
39
1
51
52
94
26
72
13
25
45
12
4
12
63
8
28
1
56
38
21
53
26
50
59
76
76
88
22
51
31
34
78
99
22
69
42
6
56
38
98
72
4
21
52
63
27
50
88
68
26
14
64
10
7
24
20
43
90
0
80
82
86
65
80
54
28
81
38
6
64
80
71
50
85
52
66
63
12
46
1
68
59
29
90
31
71
58
53
36
49
81
18
90
100
76
75
20
57
40
96
62
41
69
38
48
43
100
95
57
68
11
34
27
62
34
6
99
45
68
95
58
12
58
7
26
22
68
99
69
66
43
49
2
29
51
85
48
99
1
18
7
70
98
47
60
52
89
53
93
82
45
61
96
89
24
44
52
27
96
2
33
23
38
28
41
3
1
79
29
50
67
85
19
34
62
63
77
22
92
23
72
10
74
93
71
28
81
62
60
5
11
70
55
84
85
4
73
52
17
13
55
37
65
79
50
34
72
37
5
65
46
47
100
86
72
78
3
2
85
35
67
58
90
78
80
30
91
62
97
20
38
28
10
69
21
74
6
52
30
95
40
38
80
61
23
0
68
69
52
7
32
84
56
54
88
44
15
50
84
91
92
71
5
11
8
69
69
80
1
57
61
36
19
13
50
19
68
16
