63
3
3
62
45
50
84
66
25
64
97
96
11
95
31
90
93
89
7
19
70
94
56
86
92
7
13
14
46
96
33
88
21
37
2
93
98
79
14
20
86
26
65
24
92
80
54
72
99
44
42
72
59
92
26
60
64
2
43
49
30
38
69
15
39
38
19
81
46
35
31
52
100
61
5
77
91
74
26
18
26
84
92
40
9
42
37
53
7
96
2
100
86
62
41
41
43
17
30
40
53
69
98
20
43
14
49
53
45
5
8
26
80
52
46
63
32
78
16
58
50
63
96
11
11
52
1
37
46
49
36
48
10
71
74
30
38
97
18
26
6
37
18
97
3
82
8
45
12
43
36
55
53
82
32
78
2
2
36
88
13
77
12
6
91
59
9
14
84
51
31
72
80
48
31
100
42
59
72
63
98
87
58
14
20
94
94
62
78
21
36
77
27
69
27
42
34
97
19
97
61
41
28
81
63
22
89
7
43
14
48
98
40
74
37
10
99
48
80
79
96
90
49
56
41
87
49
23
2
54
84
88
63
80
62
14
12
51
36
98
57
20
42
40
38
81
67
95
1
53
67
11
75
90
20
87
64
94
63
65
29
54
91
64
1
59
87
69
38
28
20
75
73
71
45
90
85
19
8
99
11
36
46
79
15
44
13
45
94
3
43
61
89
48
72
51
66
34
76
92
74
52
9
44
62
51
29
86
47
61
59
59
87
27
48
57
59
61
36
68
68
47
73
24
62
78
70
68
4
80
11
91
85
17
15
23
37
30
11
66
66
48
1
95
70
86
36
34
20
88
40
94
51
79
83
8
18
46
22
74
88
7
43
43
41
86
29
22
69
52
48
100
37
83
59
10
84
15
43
47
1
23
72
22
61
11
6
85
18
60
36
2
98
4
11
55
87
77
59
38
92
60
80
53
6
52
90
14
16
52
51
35
46
0
58
78
36
74
67
80
83
36
77
21
25
6
87
14
29
65
24
0
17
57
40
70
34
15
44
73
90
26
20
80
52
72
21
73
96
85
67
32
70
28
86
15
30
13
13
16
79
81
3
59
47
33
44
35
71
90
64
62
5
41
48
23
96
13
84
55
31
40
51
0
29
2
32
10
47
51
49
52
9
53
33
49
60
2
24
27
56
4
91
43
31
31
42
6
70
30
96
50
90
40
85
38
19
74
54
92
83
95
73
100
81
21
29
62
91
25
27
66
62
64
89
19
36
95
83
3
22
93
29
70
74
9
71
89
46
62
76
35
71
79
8
84
32
2
60
3
59
21
33
54
47
14
99
85
57
83
78
20
14
52
88
96
96
45
21
99
56
35
8
70
39
97
37
76
85
2
30
28
49
55
25
11
39
89
65
4
27
15
54
54
49
29
81
13
68
58
9
58
99
97
46
41
3
47
54
1
75
99
21
68
70
4
99
46
50
75
11
44
100
74
45
76
80
6
60
60
57
96
94
81
72
76
41
84
51
44
53
21
60
93
15
96
21
22
73
73
50
12
57
19
85
100
96
32
42
61
58
52
60
89
29
21
0
9
44
15
51
76
34
43
97
8
9
47
26
47
0
49
86
47
61
62
73
32
49
69
20
25
4
62
91
56
84
58
99
27
4
54
70
78
24
39
26
68
88
87
3
26
54
75
0
8
18
56
21
10
53
24
62
88
82
70
34
88
3
46
63
84
2
32
47
29
8
46
55
65
69
14
6
73
54
89
18
0
57
100
63
18
61
8
98
71
96
50
9
21
25
21
61
42
22
40
76
82
69
14
78
12
5
0
29
94
6
93
10
69
48
6
65
20
51
43
42
43
98
92
56
93
84
13
84
95
93
27
80
43
35
69
61
67
67
11
5
68
18
31
79
32
19
48
62
85
40
14
13
66
73
2
44
97
11
36
75
71
77
37
72
7
70
90
96
100
87
64
45
28
84
88
85
66
41
4
47
87
40
78
8
69
40
71
5
100
88
80
58
24
20
55
100
41
42
96
82
47
72
17
9
100
76
77
45
75
10
91
96
42
69
36
62
33
27
14
17
75
93
17
79
83
10
75
87
64
64
79
7
74
0
66
39
27
48
53
0
64
12
77
7
27
56
45
12
90
26
58
27
37
37
40
66
55
61
93
13
67
96
88
30
61
84
20
87
96
32
98
67
34
34
53
62
1
39
64
57
80
97
72
71
22
33
94
80
88
80
17
39
91
38
51
85
72
83
81
51
54
49
30
11
42
96
62
10
63
29
91
48
61
96
43
8
66
77
94
48
35
21
1
