35
76
87
19
3
88
18
22
36
63
14
54
65
0
40
26
60
62
42
0
86
9
55
9
68
25
85
69
96
49
8
51
24
15
41
84
56
35
47
15
36
19
83
83
30
37
48
19
90
55
78
100
3
3
53
90
99
28
85
92
64
48
3
86
63
7
92
16
62
24
70
48
71
52
92
44
91
58
55
87
33
64
39
7
70
60
35
9
24
30
28
59
1
6
85
59
68
78
87
84
68
62
40
74
56
13
19
61
89
51
22
37
14
82
29
63
16
67
42
35
88
87
93
21
7
14
89
98
31
80
7
56
49
16
16
56
65
32
62
30
47
87
25
23
5
33
95
77
8
3
89
80
39
53
28
70
85
29
8
0
68
95
42
14
56
72
42
64
63
85
36
83
58
69
89
31
54
68
32
58
81
51
67
17
93
2
32
88
51
77
69
24
21
50
61
77
12
19
13
62
61
75
11
33
93
89
22
33
79
39
42
72
96
64
53
22
28
19
63
72
31
32
96
92
43
71
39
32
85
63
29
7
46
31
28
78
8
98
82
78
26
57
36
85
38
72
41
10
24
60
30
20
70
38
37
57
57
12
27
20
51
80
35
2
52
58
8
93
23
12
66
22
77
45
90
80
23
17
23
3
96
100
38
75
84
0
38
20
65
46
45
41
84
2
4
23
99
38
50
64
39
11
9
3
8
94
81
26
2
8
59
67
80
60
72
89
23
27
76
84
55
44
38
23
3
26
7
40
34
58
68
34
69
10
45
7
61
55
92
76
69
49
38
7
68
4
88
46
78
10
100
83
45
31
82
16
49
20
61
50
46
73
19
99
93
60
28
42
28
69
83
60
15
37
38
100
69
28
64
97
15
77
97
4
74
9
25
94
57
68
31
32
96
21
21
85
83
91
9
46
14
22
88
90
65
90
70
87
89
39
57
53
24
94
49
24
33
25
18
71
68
77
32
35
15
62
73
23
3
11
100
34
12
49
65
40
41
63
35
21
78
60
3
30
49
86
13
72
27
100
51
26
63
96
11
68
76
50
27
90
65
43
97
53
44
47
11
5
81
96
3
29
44
34
22
94
85
29
12
98
24
96
96
45
13
51
41
37
15
45
28
59
62
47
48
74
48
70
9
32
50
31
6
12
90
41
58
13
11
63
63
100
26
42
76
61
4
19
56
52
86
49
12
64
66
56
5
50
36
81
4
1
23
87
78
86
74
42
73
77
47
89
55
97
72
27
89
87
87
69
64
47
94
89
9
98
38
19
90
19
52
30
7
7
22
96
62
3
49
73
97
99
86
81
71
71
5
62
55
5
26
19
89
83
69
8
18
30
18
46
65
21
14
13
92
34
31
68
84
81
94
62
43
60
14
72
66
60
60
87
74
37
50
97
48
4
17
55
85
52
61
29
47
54
90
82
99
31
84
34
82
97
30
11
90
83
13
11
70
96
55
73
83
91
65
44
1
43
78
73
88
60
68
98
56
96
62
20
99
86
45
72
82
92
8
75
54
9
20
49
34
83
72
61
62
86
23
60
21
30
90
73
58
29
54
98
28
80
17
22
19
37
70
58
14
83
28
14
38
94
16
21
84
19
97
30
60
80
25
76
74
74
71
87
25
55
42
76
33
20
80
99
11
42
66
100
9
31
61
11
90
75
55
84
54
89
84
30
88
21
76
81
5
51
54
70
58
75
79
72
47
67
32
8
90
25
17
90
19
9
32
25
3
39
22
90
4
1
54
26
34
55
87
70
0
22
40
5
39
42
41
33
95
21
84
100
65
77
67
12
50
60
30
3
35
67
14
34
42
95
60
97
50
37
72
96
53
91
54
91
31
4
13
90
74
40
39
57
31
93
20
92
40
10
60
92
74
42
67
93
1
56
58
32
98
35
31
31
26
52
37
42
21
19
60
29
34
42
87
80
13
48
18
59
1
19
62
71
48
1
14
39
4
63
63
55
36
51
3
31
85
43
11
13
50
87
51
41
94
32
7
70
1
69
14
36
83
63
95
62
50
85
14
14
31
19
4
0
62
6
20
12
98
17
86
46
20
16
74
3
74
2
46
2
73
86
19
45
11
84
89
36
29
67
72
24
33
81
46
44
29
100
7
48
17
76
56
33
95
3
72
83
7
34
13
84
2
14
48
10
58
59
10
17
61
73
58
99
86
47
26
94
6
70
13
49
57
45
63
0
36
88
32
94
58
69
76
26
94
61
64
10
96
38
72
8
63
32
77
44
72
12
62
29
30
24
16
12
32
29
